service_id,monday,tuesday,wednesday,thursday,friday,saturday,sunday,start_date,end_date
100_svc1,1,1,1,1,1,0,0,20260101,20261231
100_svc2,0,0,0,0,0,1,0,20260101,20261231
100_svc3,0,0,0,0,0,0,1,20260101,20261231
101_svc1,1,1,1,1,1,0,0,20260101,20261231
101_svc2,0,0,0,0,0,1,0,20260101,20261231
101_svc3,0,0,0,0,0,0,1,20260101,20261231
102_svc1,1,1,1,1,1,0,0,20260101,20261231
102_svc2,0,0,0,0,0,1,0,20260101,20261231
102_svc3,0,0,0,0,0,0,1,20260101,20261231
103_svc1,1,1,1,1,1,0,0,20260101,20261231
104_svc1,1,1,1,1,1,0,0,20260101,20261231
104_svc2,0,0,0,0,0,1,0,20260101,20261231
104_svc3,0,0,0,0,0,0,1,20260101,20261231
120_svc1,1,1,1,1,1,0,0,20260101,20261231
120_svc2,0,0,0,0,0,1,0,20260101,20261231
120_svc3,0,0,0,0,0,0,1,20260101,20261231
121_svc1,1,1,1,1,1,0,0,20260101,20261231
121_svc2,0,0,0,0,0,1,0,20260101,20261231
121_svc3,0,0,0,0,0,0,1,20260101,20261231
122_svc1,1,1,1,1,1,0,0,20260101,20261231
123_svc1,1,1,1,1,1,0,0,20260101,20261231
123_svc2,0,0,0,0,0,1,0,20260101,20261231
123_svc3,0,0,0,0,0,0,1,20260101,20261231
124_svc1,1,1,1,1,1,0,0,20260101,20261231
124_svc2,0,0,0,0,0,1,0,20260101,20261231
124_svc3,0,0,0,0,0,0,1,20260101,20261231
125_svc1,1,1,1,1,1,0,0,20260101,20261231
125_svc2,0,0,0,0,0,1,0,20260101,20261231
126_svc1,1,1,1,1,0,0,0,20260101,20261231
126_svc2,0,0,0,0,1,0,0,20260101,20261231
126_svc3,0,0,0,0,0,1,0,20260101,20261231
126_svc4,0,0,0,0,0,0,1,20260101,20261231
127_svc1,1,1,1,1,1,0,0,20260101,20261231
127_svc2,0,0,0,0,0,1,0,20260101,20261231
128_svc1,1,1,1,1,1,0,0,20260101,20261231
128_svc2,0,0,0,0,0,1,1,20260101,20261231
129_svc1,1,1,1,1,1,0,0,20260101,20261231
129_svc2,0,0,0,0,0,1,0,20260101,20261231
129_svc3,0,0,0,0,0,0,1,20260101,20261231
130_svc1,1,1,1,1,1,0,0,20260101,20261231
130_svc2,0,0,0,0,0,1,1,20260101,20261231
b_svc1,1,1,1,1,1,0,0,20260101,20261231
b_svc2,0,0,0,0,0,1,0,20260101,20261231
b_svc3,0,0,0,0,0,0,1,20260101,20261231
e_svc1,1,1,1,1,1,0,0,20260101,20261231
e_svc2,0,0,0,0,0,1,0,20260101,20261231
e_svc3,0,0,0,0,0,0,1,20260101,20261231
teo1_svc1,1,1,1,1,1,0,0,20260101,20261231
teo1_svc2,0,0,0,0,0,1,1,20260101,20261231
teo2_svc1,1,1,1,1,1,1,0,20260101,20261231
teo2_svc2,0,0,0,0,0,0,1,20260101,20261231
teo3_svc1,1,1,1,1,1,0,0,20260101,20261231
teo3_svc2,0,0,0,0,0,1,0,20260101,20261231
teo3_svc3,0,0,0,0,0,0,1,20260101,20261231
4_svc1,1,1,1,1,1,0,0,20260101,20261231
4_svc2,0,0,0,0,0,1,0,20260101,20261231
4_svc3,0,0,0,0,0,0,1,20260101,20261231
40_svc1,1,1,1,1,1,0,0,20260101,20261231
400_svc1,1,1,1,1,1,0,0,20260101,20261231
400_svc2,0,0,0,0,0,1,0,20260101,20261231
400_svc3,0,0,0,0,0,0,1,20260101,20261231
401_svc1,1,1,1,1,1,0,0,20260101,20261231
401_svc2,0,0,0,0,0,1,0,20260101,20261231
401_svc3,0,0,0,0,0,0,1,20260101,20261231
402_svc1,1,1,1,1,1,0,0,20260101,20261231
402_svc2,0,0,0,0,0,1,0,20260101,20261231
402_svc3,0,0,0,0,0,0,1,20260101,20261231
403_svc1,1,1,1,1,1,0,0,20260101,20261231
403_svc2,0,0,0,0,0,1,0,20260101,20261231
403_svc3,0,0,0,0,0,0,1,20260101,20261231
404_svc1,1,1,1,1,1,0,0,20260101,20261231
404_svc2,0,0,0,0,0,1,0,20260101,20261231
404_svc3,0,0,0,0,0,0,1,20260101,20261231
405_svc1,1,1,1,1,1,0,0,20260101,20261231
405_svc2,0,0,0,0,0,1,0,20260101,20261231
405_svc3,0,0,0,0,0,0,1,20260101,20261231
406_svc1,1,1,1,1,1,0,0,20260101,20261231
406_svc2,0,0,0,0,0,1,0,20260101,20261231
406_svc3,0,0,0,0,0,0,1,20260101,20261231
407_svc1,1,1,1,1,1,0,0,20260101,20261231
407_svc2,0,0,0,0,0,1,0,20260101,20261231
407_svc3,0,0,0,0,0,0,1,20260101,20261231
408_svc1,1,1,1,1,1,0,0,20260101,20261231
408_svc2,0,0,0,0,0,1,0,20260101,20261231
408_svc3,0,0,0,0,0,0,1,20260101,20261231
420_svc1,1,1,1,1,1,0,0,20260101,20261231
420_svc2,0,0,0,0,0,1,0,20260101,20261231
420_svc3,0,0,0,0,0,0,1,20260101,20261231
421_svc1,1,1,1,1,1,1,1,20260101,20261231
422_svc1,1,1,1,1,1,0,0,20260101,20261231
422_svc2,0,0,0,0,0,1,1,20260101,20261231
423_svc1,1,1,1,1,1,0,0,20260101,20261231
440_a_svc1,1,1,1,1,1,0,0,20260101,20261231
440_a_svc2,0,0,0,0,0,1,0,20260101,20261231
440_a_svc3,0,0,0,0,0,0,1,20260101,20261231
440_b_svc1,1,1,1,1,1,0,0,20260101,20261231
440_b_svc2,0,0,0,0,0,1,0,20260101,20261231
440_c_svc1,1,1,1,1,1,0,0,20260101,20261231
440_c_svc2,0,0,0,0,0,1,0,20260101,20261231
440_d_svc1,1,0,0,1,1,0,1,20260101,20261231
440_d_svc2,0,0,0,0,0,1,0,20260101,20261231
441_a_svc1,1,1,1,1,1,0,0,20260101,20261231
441_a_svc2,0,0,0,0,0,1,0,20260101,20261231
441_b_svc1,1,1,1,1,1,0,0,20260101,20261231
441_b_svc2,0,0,0,0,0,1,0,20260101,20261231
441_c_svc1,1,1,1,1,1,0,0,20260101,20261231
441_d_svc1,1,1,1,1,1,0,0,20260101,20261231
441_d_svc2,0,0,0,0,0,1,0,20260101,20261231
441_e_svc1,1,1,1,1,1,0,0,20260101,20261231
441_e_svc2,0,0,0,0,0,1,0,20260101,20261231
441_f_svc1,1,1,1,1,1,0,0,20260101,20261231
442_svc1,1,1,1,1,1,0,0,20260101,20261231
442_svc2,0,0,0,0,0,1,0,20260101,20261231
442_svc3,0,0,0,0,0,0,1,20260101,20261231
460_svc1,1,1,1,1,1,0,0,20260101,20261231
461_svc1,1,1,1,1,1,0,0,20260101,20261231
461_svc2,0,0,0,0,0,1,0,20260101,20261231
461_svc3,0,0,0,0,0,0,1,20260101,20261231
462_svc1,1,1,1,1,1,0,0,20260101,20261231
462_svc2,0,0,0,0,0,1,0,20260101,20261231
462_svc3,0,0,0,0,0,0,1,20260101,20261231
3_svc1,1,1,1,1,1,0,0,20260101,20261231
3_svc2,0,0,0,0,0,1,0,20260101,20261231
3_svc3,0,0,0,0,0,0,1,20260101,20261231
320_svc1,1,1,1,1,1,0,0,20260101,20261231
320_svc2,0,0,0,0,0,1,0,20260101,20261231
320_svc3,0,0,0,0,0,0,1,20260101,20261231
321_svc1,1,1,1,1,1,0,0,20260101,20261231
321_svc2,0,0,0,0,0,1,0,20260101,20261231
321_svc3,0,0,0,0,0,0,1,20260101,20261231
322_svc1,1,1,1,1,1,0,0,20260101,20261231
323_svc1,1,1,1,1,1,0,0,20260101,20261231
340_svc1,1,1,1,1,1,0,0,20260101,20261231
340_svc2,0,0,0,0,0,1,0,20260101,20261231
340_svc3,0,0,0,0,0,0,1,20260101,20261231
341_svc1,1,1,1,1,0,0,0,20260101,20261231
341_svc2,0,0,0,0,1,0,0,20260101,20261231
341_svc3,0,0,0,0,0,1,0,20260101,20261231
341_svc4,0,0,0,0,0,0,1,20260101,20261231
342_svc1,1,1,1,1,1,0,0,20260101,20261231
343_svc1,1,1,1,1,1,0,0,20260101,20261231
343_svc2,0,0,0,0,0,1,0,20260101,20261231
344_svc1,1,0,0,1,1,0,1,20260101,20261231
344_svc2,0,0,0,0,0,1,0,20260101,20261231
345_svc1,1,1,1,1,1,0,0,20260101,20261231
345_svc2,0,0,0,0,0,1,0,20260101,20261231
346_svc1,1,1,1,1,1,0,0,20260101,20261231
360_svc1,1,1,1,1,1,1,0,20260101,20261231
360_svc2,0,0,0,0,0,0,1,20260101,20261231
361_svc1,1,1,1,1,1,0,0,20260101,20261231
361_svc2,0,0,0,0,0,1,0,20260101,20261231
362_svc1,1,1,1,1,1,1,0,20260101,20261231
363_svc1,1,1,1,1,1,0,0,20260101,20261231
363_svc2,0,0,0,0,0,1,0,20260101,20261231
363_svc3,0,0,0,0,0,0,1,20260101,20261231
364_svc1,1,1,1,1,1,0,0,20260101,20261231
364_svc2,0,0,0,0,0,1,0,20260101,20261231
364_svc3,0,0,0,0,0,0,1,20260101,20261231
700_svc1,1,1,1,1,1,0,0,20260101,20261231
700_svc2,0,0,0,0,0,1,1,20260101,20261231
701_svc1,1,1,1,1,1,0,0,20260101,20261231
702_svc1,1,1,1,1,1,0,0,20260101,20261231
tns_svc1,1,1,1,1,0,0,0,20260101,20261231
tns_svc2,0,0,0,0,1,0,0,20260101,20261231
tns_svc3,0,0,0,0,0,1,0,20260101,20261231
tns_svc4,0,0,0,0,0,0,1,20260101,20261231
2_svc1,1,1,1,1,0,0,0,20260101,20261231
2_svc2,0,0,0,0,1,0,0,20260101,20261231
2_svc3,0,0,0,0,0,1,0,20260101,20261231
2_svc4,0,0,0,0,0,0,1,20260101,20261231
10_svc1,1,1,1,1,1,0,0,20260101,20261231
10_svc2,0,0,0,0,0,1,0,20260101,20261231
10_svc3,0,0,0,0,0,0,1,20260101,20261231
20_svc1,1,1,1,1,1,0,0,20260101,20261231
20_svc2,0,0,0,0,0,1,0,20260101,20261231
20_svc3,0,0,0,0,0,0,1,20260101,20261231
200_svc1,1,1,1,1,1,1,0,20260101,20261231
200_svc2,0,0,0,0,0,0,1,20260101,20261231
201_svc1,1,1,1,1,1,0,0,20260101,20261231
201_svc2,0,0,0,0,0,1,0,20260101,20261231
201_svc3,0,0,0,0,0,0,1,20260101,20261231
202_svc1,1,1,1,1,1,0,0,20260101,20261231
203_svc1,1,1,1,1,1,0,0,20260101,20261231
204_svc1,1,1,1,1,1,0,0,20260101,20261231
204_svc2,0,0,0,0,0,1,0,20260101,20261231
204_svc3,0,0,0,0,0,0,1,20260101,20261231
205_svc1,1,1,1,1,0,0,0,20260101,20261231
205_svc2,0,0,0,0,1,0,0,20260101,20261231
205_svc3,0,0,0,0,0,1,0,20260101,20261231
205_svc4,0,0,0,0,0,0,1,20260101,20261231
206_svc1,1,1,1,1,1,0,0,20260101,20261231
206_svc2,0,0,0,0,0,1,0,20260101,20261231
206_svc3,0,0,0,0,0,0,1,20260101,20261231
207_svc1,1,1,1,1,1,0,0,20260101,20261231
208_svc1,1,1,1,1,0,0,0,20260101,20261231
208_svc2,0,0,0,0,1,0,0,20260101,20261231
208_svc3,0,0,0,0,0,1,0,20260101,20261231
208_svc4,0,0,0,0,0,0,1,20260101,20261231
209_svc1,1,1,1,1,1,0,0,20260101,20261231
209_svc2,0,0,0,0,0,1,0,20260101,20261231
209_svc3,0,0,0,0,0,0,1,20260101,20261231
210_svc1,1,1,1,1,1,0,0,20260101,20261231
210_svc2,0,0,0,0,0,1,0,20260101,20261231
210_svc3,0,0,0,0,0,0,1,20260101,20261231
211_svc1,1,1,1,1,1,0,0,20260101,20261231
211_svc2,0,0,0,0,0,0,1,20260101,20261231
212_svc1,1,1,1,1,1,0,0,20260101,20261231
212_svc2,0,0,0,0,0,1,0,20260101,20261231
212_svc3,0,0,0,0,0,0,1,20260101,20261231
213_svc1,1,1,1,1,1,0,0,20260101,20261231
213_svc2,0,0,0,0,0,1,0,20260101,20261231
213_svc3,0,0,0,0,0,0,1,20260101,20261231
214_svc1,1,1,1,1,1,0,0,20260101,20261231
214_svc2,0,0,0,0,0,1,0,20260101,20261231
214_svc3,0,0,0,0,0,0,1,20260101,20261231
240_svc1,1,1,1,1,1,0,0,20260101,20261231
240_svc2,0,0,0,0,0,1,0,20260101,20261231
240_svc3,0,0,0,0,0,0,1,20260101,20261231
241_svc1,1,1,1,1,1,0,1,20260101,20261231
242_svc1,1,1,1,1,1,0,0,20260101,20261231
242_svc2,0,0,0,0,0,1,0,20260101,20261231
242_svc3,0,0,0,0,0,0,1,20260101,20261231
243_svc1,1,1,1,1,1,0,0,20260101,20261231
243_svc2,0,0,0,0,0,1,0,20260101,20261231
244_svc1,1,1,1,1,1,0,0,20260101,20261231
245_svc1,1,1,1,1,1,0,0,20260101,20261231
245_svc2,0,0,0,0,0,1,0,20260101,20261231
245_svc3,0,0,0,0,0,0,1,20260101,20261231
246_svc1,1,1,1,1,1,1,0,20260101,20261231
246_svc2,0,0,0,0,0,0,1,20260101,20261231
247_svc1,1,1,1,1,1,1,0,20260101,20261231
248_svc1,1,1,1,1,1,0,0,20260101,20261231
248_svc2,0,0,0,0,0,1,0,20260101,20261231
248_svc3,0,0,0,0,0,0,1,20260101,20261231
c_svc1,1,1,1,1,1,0,0,20260101,20261231
30_svc1,1,1,1,1,1,1,1,20260101,20261231
300_svc1,1,0,0,1,1,0,1,20260101,20261231
301_svc1,1,1,1,1,1,0,0,20260101,20261231
302_svc1,1,1,1,1,1,0,0,20260101,20261231
302_svc2,0,0,0,0,0,1,0,20260101,20261231
302_svc3,0,0,0,0,0,0,1,20260101,20261231
303_svc1,1,1,1,1,0,0,1,20260101,20261231
303_svc2,0,0,0,0,1,1,0,20260101,20261231
304_svc1,0,0,0,0,0,1,0,20260101,20261231
305_svc1,0,0,1,1,0,0,1,20260101,20261231
305_svc2,0,0,0,0,0,1,0,20260101,20261231
d_svc1,1,1,1,1,1,0,0,20260101,20261231
d_svc2,0,0,0,0,0,1,0,20260101,20261231
d_svc3,0,0,0,0,0,0,1,20260101,20261231
260_svc1,1,1,1,1,1,0,0,20260101,20261231
260_svc2,0,0,0,0,0,1,0,20260101,20261231
260_svc3,0,0,0,0,0,0,1,20260101,20261231
261_svc1,1,1,1,1,1,0,0,20260101,20261231
261_svc2,0,0,0,0,0,1,0,20260101,20261231
261_svc3,0,0,0,0,0,0,1,20260101,20261231
262_svc1,1,1,1,1,1,0,0,20260101,20261231
262_svc2,0,0,0,0,0,1,0,20260101,20261231
262_svc3,0,0,0,0,0,0,1,20260101,20261231
263_svc1,1,1,1,1,1,0,0,20260101,20261231
263_svc2,0,0,0,0,0,1,0,20260101,20261231
263_svc3,0,0,0,0,0,0,1,20260101,20261231
264_svc1,1,1,1,1,1,0,0,20260101,20261231
264_svc2,0,0,0,0,0,1,0,20260101,20261231
264_svc3,0,0,0,0,0,0,1,20260101,20261231
265_svc1,1,1,1,1,1,0,0,20260101,20261231
265_svc2,0,0,0,0,0,1,0,20260101,20261231
265_svc3,0,0,0,0,0,0,1,20260101,20261231
266_svc1,1,1,1,1,1,0,0,20260101,20261231
266_svc2,0,0,0,0,0,1,0,20260101,20261231
140_svc1,1,1,1,1,1,0,0,20260101,20261231
140_svc2,0,0,0,0,0,1,0,20260101,20261231
140_svc3,0,0,0,0,0,0,1,20260101,20261231
141_svc1,1,1,1,1,1,0,0,20260101,20261231
141_svc2,0,0,0,0,0,1,0,20260101,20261231
142_svc1,1,0,0,1,1,1,1,20260101,20261231
160_svc1,1,1,1,1,1,0,0,20260101,20261231
160_svc2,0,0,0,0,0,1,0,20260101,20261231
160_svc3,0,0,0,0,0,0,1,20260101,20261231
161_svc1,1,1,1,1,1,0,0,20260101,20261231
161_svc2,0,0,0,0,0,1,1,20260101,20261231
162_svc1,1,1,1,1,1,0,0,20260101,20261231
162_svc2,0,0,0,0,0,1,1,20260101,20261231
a_svc1,1,1,1,1,1,0,0,20260101,20261231
a_svc2,0,0,0,0,0,1,0,20260101,20261231
a_svc3,0,0,0,0,0,0,1,20260101,20261231
600_svc1,1,1,1,1,1,0,0,20260101,20261231
600_svc2,0,0,0,0,0,1,0,20260101,20261231
600_svc3,0,0,0,0,0,0,1,20260101,20261231
601_svc1,1,1,1,1,1,0,0,20260101,20261231
602_svc1,1,1,1,1,1,0,0,20260101,20261231
500_svc1,1,0,1,0,1,0,0,20260101,20261231
500_svc2,0,1,0,1,0,0,0,20260101,20261231
500_svc3,0,0,0,0,0,1,0,20260101,20261231
500_svc4,0,0,0,0,0,0,1,20260101,20261231
501_svc1,1,1,1,1,1,0,0,20260101,20261231
501_svc2,0,0,0,0,0,1,0,20260101,20261231
502_svc1,1,1,1,1,1,0,0,20260101,20261231
502_svc2,0,0,0,0,0,1,0,20260101,20261231
503_svc1,0,1,0,1,0,0,0,20260101,20261231
504_svc1,1,1,1,1,1,0,0,20260101,20261231
504_svc2,0,0,0,0,0,1,0,20260101,20261231
505_svc1,1,1,1,1,1,0,0,20260101,20261231
560_svc1,1,1,1,1,1,0,0,20260101,20261231
560_svc2,0,0,0,0,0,1,0,20260101,20261231
560_svc3,0,0,0,0,0,0,1,20260101,20261231
800_svc1,1,1,1,1,1,1,0,20260101,20261231
800_svc2,0,0,0,0,0,0,1,20260101,20261231
801_svc1,1,1,1,1,1,0,0,20260101,20261231
802_svc1,1,1,1,1,1,0,0,20260101,20261231
803_svc1,1,1,1,1,1,0,0,20260101,20261231
808_svc1,1,1,1,1,1,0,0,20260101,20261231
808_svc2,0,0,0,0,0,1,1,20260101,20261231
850_svc1,1,0,0,1,1,1,1,20260101,20261231
